# Created by Octave 4.0.3, Sat Mar 18 08:04:35 2017 EDT <leo12_chandu@chandra-sekhar-manginipallis-MacBook-Pro.local>
# name: v
# type: matrix
# rows: 10
# columns: 1
 3999
 3299
 3690
 2320
 5399
 2999
 3149
 1989
 2120
 2425


